n	50
M	50
T	4500

Producto	Tiempo de procesamiento (p)
1	53
2	126
3	75
4	131
5	103
6	57
7	63
8	116
9	97
10	101
11	125
12	128
13	81
14	75
15	137
16	92
17	122
18	82
19	114
20	95
21	58
22	117
23	72
24	85
25	145
26	61
27	80
28	141
29	65
30	81
31	107
32	69
33	55
34	87
35	60
36	108
37	94
38	112
39	58
40	137
41	82
42	60
43	109
44	74
45	102
46	93
47	117
48	116
49	74
50	93

Tiempos de preparación (s)

  0	1	2	3	4	5	6	7	8	9	10	11	12	13	14	15	16	17	18	19	20	21	22	23	24	25	26	27	28	29	30	31	32	33	34	35	36	37	38	39	40	41	42	43	44	45	46	47	48	49	50
0	0	18	34	31	38	35	13	32	30	34	17	23	20	12	30	41	27	11	23	24	21	43	41	41	33	17	32	45	23	27	17	11	24	28	37	16	29	12	31	38	20	34	37	38	32	45	33	41	21	37	33
1	19	0	15	23	11	21	38	36	26	17	44	21	30	44	41	43	29	38	24	10	12	20	39	45	28	29	26	36	36	11	37	25	41	19	35	17	44	14	28	33	39	25	11	26	12	10	37	22	28	23	37
2	34	26	0	34	44	34	37	42	21	25	33	14	44	38	10	40	37	17	37	41	33	31	13	20	45	34	10	20	12	17	10	12	32	30	10	11	38	30	44	17	29	23	36	41	36	26	19	13	22	40	29
3	40	17	27	0	35	13	45	22	13	13	31	42	21	27	38	30	14	24	37	19	22	21	36	25	26	21	30	16	12	45	18	13	12	10	17	23	10	30	22	20	29	34	44	36	45	10	26	19	14	36	40
4	44	20	25	30	0	14	35	28	15	34	23	12	10	24	14	29	13	43	45	29	10	18	39	19	41	40	25	38	17	45	39	42	18	21	26	16	20	39	29	31	10	35	15	14	16	34	16	44	14	22	19
5	23	35	19	19	34	0	23	25	35	24	24	40	32	19	44	32	26	38	22	11	10	20	14	44	43	23	28	42	10	25	30	13	44	21	45	26	43	30	32	44	18	15	17	42	44	16	41	37	34	34	33
6	20	27	13	32	42	29	0	17	21	26	36	43	23	23	10	35	21	22	21	34	22	15	41	18	30	36	28	23	13	28	12	39	36	27	15	11	45	30	43	44	28	45	11	11	22	23	23	44	10	19	43
7	26	29	40	19	20	41	13	0	34	40	40	20	30	23	27	10	15	20	33	34	36	16	42	30	24	31	10	12	25	44	11	18	40	25	24	15	29	39	37	17	15	27	33	15	22	21	24	36	19	45	35
8	44	45	11	15	10	11	19	38	0	18	18	21	19	22	27	24	10	22	23	15	13	27	26	22	11	45	22	34	10	32	30	34	15	12	20	16	25	17	42	14	31	14	25	43	25	18	23	36	40	43	33
9	12	13	22	17	29	31	13	33	13	0	22	22	19	31	40	40	43	36	29	13	36	39	25	17	36	11	24	14	37	36	40	44	30	12	43	44	11	45	43	35	16	25	42	34	41	35	21	12	10	36	34
10	11	29	44	10	30	31	36	24	38	15	0	15	28	20	26	38	36	44	14	39	41	14	31	14	15	40	12	18	23	19	34	21	32	20	38	28	35	28	12	16	42	40	23	10	25	23	23	36	20	21	12
11	21	43	19	17	27	44	33	14	40	18	20	0	27	36	42	30	17	41	20	16	42	29	28	35	32	43	37	31	37	39	23	43	15	22	32	34	18	33	10	18	19	27	35	10	38	12	39	40	13	17	33
12	18	35	39	35	34	17	29	39	32	24	18	29	0	31	12	24	44	25	43	14	25	17	24	31	40	35	31	10	14	25	37	43	39	36	25	36	36	37	12	39	26	38	44	33	43	26	28	17	20	11	12
13	44	32	39	39	22	17	32	38	41	27	24	42	32	0	30	19	40	14	14	13	34	36	16	23	45	42	22	22	35	36	27	37	34	38	14	26	41	17	43	44	20	43	45	37	13	24	20	10	23	36	24
14	27	31	35	23	44	35	28	35	13	33	29	21	19	18	0	10	27	25	19	35	17	20	34	10	26	22	18	25	15	15	38	29	33	11	13	24	21	36	20	45	42	32	43	44	13	15	33	43	39	27	40
15	16	32	22	14	37	45	42	41	34	14	34	23	33	41	14	0	24	23	10	34	17	31	25	42	10	20	10	42	16	40	32	16	42	38	33	21	39	22	33	44	39	35	16	20	41	35	35	22	10	37	44
16	41	26	37	32	39	44	37	42	38	15	40	10	40	41	25	24	0	15	37	38	45	29	34	40	28	43	12	30	39	19	38	16	10	36	26	11	16	44	32	37	44	10	35	14	27	11	34	41	35	11	10
17	36	44	43	35	39	39	36	28	26	45	30	20	21	18	26	19	41	0	37	25	17	32	27	11	23	19	34	28	37	28	14	32	21	43	14	34	25	13	11	44	42	41	25	36	17	42	21	39	11	31	25
18	22	34	13	42	44	21	35	13	44	29	27	42	20	24	17	19	13	10	0	33	34	21	16	12	18	28	17	45	37	15	30	17	33	32	24	28	32	10	16	20	22	38	43	12	44	29	26	36	40	13	10
19	20	26	21	18	31	32	37	11	26	31	25	37	26	14	11	18	11	27	10	0	10	34	33	18	13	25	44	30	34	16	25	13	18	33	13	37	18	41	19	37	35	24	22	22	37	44	40	43	15	16	27
20	14	33	16	31	23	35	26	31	38	31	37	34	42	40	31	28	10	35	33	13	0	36	30	15	25	41	13	20	45	42	37	22	37	32	38	40	43	26	45	34	16	31	41	26	27	24	33	32	44	13	28
21	11	19	45	33	20	10	38	14	30	14	39	10	14	19	29	39	32	27	16	20	1	0	33	28	25	22	12	21	44	42	31	17	30	24	34	14	29	28	43	41	17	13	33	36	26	26	42	24	40	31	31
22	10	41	37	35	15	37	43	44	37	37	11	43	42	18	18	13	26	30	31	29	2	23	0	20	45	32	35	30	31	18	30	18	18	44	27	40	19	32	18	27	21	42	45	13	40	44	20	32	44	24	10
23	31	19	24	29	34	36	18	43	45	24	10	21	15	30	43	19	38	37	43	27	3	37	25	0	15	34	39	31	45	14	15	36	28	15	37	13	22	43	19	32	45	13	43	35	22	13	21	19	30	23	28
24	26	19	31	37	39	12	37	12	22	39	12	28	27	45	37	15	11	17	26	14	4	24	19	44	0	41	24	29	40	45	21	15	21	23	31	44	19	13	43	28	28	21	16	19	35	12	18	34	26	37	28
25	42	44	15	28	24	34	14	27	15	20	37	43	32	40	17	30	14	21	23	20	5	41	23	26	14	0	40	21	16	36	33	13	35	17	36	12	13	20	42	37	25	37	19	43	18	39	32	11	11	36	45
26	45	10	12	29	45	40	24	28	28	18	31	24	31	34	45	37	40	41	29	23	6	16	31	26	40	36	0	28	44	18	28	16	35	19	41	27	15	32	16	12	24	19	13	27	28	27	28	28	36	43	33
27	12	20	17	19	30	39	30	10	38	39	32	39	16	26	32	27	18	22	26	25	7	13	31	26	41	34	18	0	36	27	22	10	32	26	39	24	35	32	21	28	28	22	17	16	37	44	26	13	21	19	29
28	24	18	42	33	28	18	21	11	20	16	32	28	36	17	34	33	11	42	42	33	8	27	31	22	38	12	37	17	0	16	35	19	42	18	23	36	25	26	23	21	19	45	19	30	11	16	15	25	23	15	14
29	19	43	30	39	34	21	15	33	12	14	20	12	11	20	41	32	39	30	26	10	9	37	32	15	45	28	23	26	26	0	42	16	19	29	33	26	45	37	16	27	20	10	29	17	38	15	44	40	29	18	27
30	41	24	45	34	39	45	31	17	33	39	29	12	35	30	42	20	34	22	39	13	10	11	38	36	13	42	30	18	36	17	0	10	29	29	24	22	29	39	23	36	40	43	35	45	35	32	36	31	34	19	13
31	15	15	30	11	40	14	27	21	38	31	36	14	45	42	16	14	28	30	25	41	11	31	41	33	36	17	30	14	41	41	21	0	11	44	17	19	38	26	17	39	18	30	37	17	21	32	25	37	21	39	36
32	11	18	34	42	34	12	32	16	19	23	44	16	21	39	39	38	22	43	13	37	12	34	38	15	14	14	41	22	10	40	43	11	0	31	40	24	42	30	11	27	14	29	17	21	17	45	19	39	15	15	20
33	19	42	18	30	23	40	28	19	10	10	43	10	16	16	10	25	45	44	38	25	13	32	40	29	23	30	27	15	16	29	10	18	38	0	16	35	27	33	18	16	28	37	33	14	30	41	15	17	35	20	40
34	42	45	22	27	23	22	42	39	45	41	19	11	15	26	30	31	37	35	27	22	14	36	44	24	24	43	39	37	16	17	27	44	16	33	0	11	24	34	29	32	25	18	45	11	38	17	24	15	38	36	29
35	20	16	26	10	11	29	10	34	33	11	41	21	21	11	24	16	36	32	32	25	15	17	35	44	19	13	30	33	19	13	29	41	38	44	19	0	43	10	22	16	39	31	39	39	17	22	39	21	40	37	39
36	43	14	39	30	42	29	41	39	20	38	29	17	19	15	27	38	26	15	11	30	16	15	41	15	10	25	17	44	20	14	13	17	18	11	44	14	0	12	32	10	17	41	10	31	40	14	32	39	20	27	23
37	38	39	36	39	41	19	32	24	30	34	12	44	26	38	41	18	39	39	35	30	17	21	37	33	34	26	10	26	16	20	45	27	20	19	24	14	34	0	40	26	12	45	18	16	38	23	43	23	32	16	25
38	18	43	39	36	35	32	43	22	20	24	17	41	37	44	25	15	22	29	26	27	18	20	34	32	36	10	19	44	34	42	32	42	27	45	30	23	43	18	0	32	35	42	24	19	23	30	21	31	37	38	33
39	19	43	18	29	15	41	16	42	18	45	29	10	16	20	15	14	14	16	30	43	19	28	13	43	26	31	22	43	43	32	35	17	25	45	38	16	24	12	31	0	26	26	28	11	24	38	14	22	29	16	40
40	12	41	36	39	33	42	39	16	33	24	13	19	44	12	43	10	42	38	20	17	20	19	17	30	37	43	37	23	28	11	24	43	31	33	38	19	20	32	24	11	0	27	13	20	29	38	13	22	15	34	22
41	16	11	25	11	38	21	12	23	32	40	21	18	31	14	25	14	15	39	39	42	21	38	10	22	38	29	16	27	21	13	14	41	25	41	25	31	12	29	30	35	27	0	44	27	44	19	17	45	27	12	34
42	39	27	16	42	37	33	44	25	24	19	24	40	31	44	21	16	39	18	25	20	22	41	36	38	36	26	31	34	40	22	13	31	39	38	34	16	24	43	42	40	34	43	0	10	12	27	32	40	40	45	43
43	45	38	36	17	16	12	34	18	22	29	40	29	42	45	25	32	21	14	19	15	23	39	36	22	31	39	16	18	14	14	35	28	11	19	24	36	16	14	31	25	15	32	36	0	10	11	36	44	28	30	22
44	42	11	16	15	13	11	40	19	14	27	27	45	35	43	28	32	43	32	21	40	24	10	35	16	39	18	26	21	35	39	10	44	18	10	33	19	34	10	26	37	30	38	25	15	0	14	26	13	12	36	19
45	14	35	15	12	28	40	15	27	23	43	34	41	40	29	16	21	34	32	13	26	25	15	33	25	23	12	17	41	38	22	31	16	10	33	23	14	31	27	36	40	13	41	23	37	28	0	15	11	12	20	23
46	39	30	29	28	44	40	11	42	18	15	13	26	44	22	40	40	44	21	35	34	26	13	11	26	41	45	25	33	27	39	14	19	39	20	37	33	34	25	18	17	24	24	11	10	38	11	0	28	29	29	21
47	22	39	11	36	15	21	38	41	28	13	13	37	31	31	18	13	39	41	14	10	27	23	17	27	13	23	33	19	11	42	40	21	10	15	15	16	12	18	25	29	35	15	16	16	18	26	11	0	37	40	41
48	15	36	45	26	28	34	45	44	29	44	44	13	33	21	42	18	16	28	17	37	28	33	35	21	20	34	38	34	32	23	22	39	17	36	20	25	30	10	43	26	21	26	29	23	28	16	22	21	0	22	22
49	37	36	16	19	36	43	42	13	11	42	34	32	36	45	22	25	17	20	39	34	29	29	17	21	37	36	40	12	28	44	43	28	31	39	32	28	32	25	40	11	17	20	35	18	19	18	25	20	11	0	30
50	25	29	37	30	41	14	33	14	31	11	29	29	41	33	44	42	29	26	21	39	30	40	25	23	15	42	14	30	26	40	43	25	22	10	13	16	27	10	22	30	19	13	30	17	40	31	25	30	30	42	0
