n	10
M	50
T	300

Producto	Tiempo de procesamiento (p)
1	86
2	78
3	64
4	22
5	98
6	82
7	87
8	52
9	100
10	99

Tiempos de preparación (s)

  	0	1	2	3	4	5	6	7	8	9	10
0	0	8	15	7	16	15	9	14	20	14	9
1	7	0	14	17	19	17	14	14	14	18	8
2	9	11	0	16	6	14	15	5	10	11	18
3	13	18	6	0	14	18	7	19	12	10	14
4	20	19	6	17	0	11	12	6	11	14	7
5	13	15	7	16	16	0	13	5	11	18	14
6	20	11	16	6	15	10	0	12	9	14	13
7	5	15	12	5	5	18	17	0	12	7	15
8	5	11	8	13	19	17	19	20	0	18	15
9	7	6	14	14	19	9	9	7	16	0	7
10	6	11	9	18	17	20	9	15	18	20	0
