n	20
M	30
T	1000

Producto	Tiempo de procesamiento (p)
1	155
2	154
3	139
4	119
5	149
6	160
7	81
8	99
9	184
10	136
11	99
12	109
13	100
14	187
15	138
16	93
17	177
18	182
19	190
20	114

Tiempos de preparación (s)

  0	1	2	3	4	5	6	7	8	9	10	11	12	13	14	15	16	17	18	19	20
0	0	36	23	16	27	45	38	17	27	38	20	31	40	25	19	26	27	44	39	15	34
1	19	0	10	15	37	18	21	30	38	38	11	27	41	31	25	15	22	40	31	37	38
2	40	28	0	39	29	26	38	19	20	16	31	21	21	32	11	17	38	17	31	16	13
3	23	37	39	0	30	23	11	42	30	24	41	38	34	34	34	15	31	40	12	13	37
4	45	18	12	24	0	37	38	22	26	20	29	20	23	43	37	10	13	42	13	16	14
5	10	43	43	15	27	0	24	32	17	28	41	20	37	31	44	16	30	13	17	24	16
6	23	26	42	42	17	30	0	15	13	10	37	30	38	15	17	43	11	24	18	23	43
7	17	43	15	28	44	10	37	0	45	10	11	16	10	13	21	37	41	29	14	23	32
8	40	29	13	44	30	18	27	38	0	39	37	10	24	28	41	14	42	15	25	24	12
9	22	41	16	34	15	35	37	17	22	0	23	41	36	27	22	38	14	21	23	11	29
10	38	41	14	32	16	35	23	24	30	29	0	45	19	27	40	30	16	35	35	10	31
11	19	30	24	21	29	37	28	25	32	30	27	0	27	25	18	21	32	35	39	10	10
12	36	28	19	11	33	39	14	28	22	12	26	37	0	14	40	33	18	16	21	31	45
13	31	39	24	44	25	11	15	42	17	38	35	30	38	0	37	17	14	41	33	28	16
14	32	25	38	44	33	36	24	25	25	26	15	30	12	16	0	14	30	33	43	21	17
15	24	26	43	11	41	42	33	38	42	37	21	25	21	27	18	0	37	21	42	13	25
16	43	18	41	12	29	33	43	33	12	42	21	33	22	13	37	26	0	18	15	36	40
17	30	18	39	33	33	24	44	11	25	41	45	11	13	29	24	19	11	0	41	19	42
18	41	13	17	25	10	45	10	28	42	14	23	45	41	22	43	14	36	15	0	35	29
19	14	35	13	16	25	41	14	29	29	11	21	43	43	31	40	25	33	36	21	0	11
20	40	17	28	43	12	21	31	21	40	16	42	37	40	10	40	22	12	32	13	29	0
