Values
n	50
M	50
T	500

Productos
1	123
2	87
3	128
4	136
5	131
6	57
7	78
8	127
9	117
10	50
11	109
12	136
13	87
14	75
15	149
16	116
17	85
18	116
19	57
20	74
21	110
22	103
23	66
24	117
25	138
26	90
27	50
28	138
29	98
30	142
31	71
32	51
33	98
34	136
35	130
36	55
37	150
38	128
39	68
40	137
41	82
42	78
43	61
44	52
45	86
46	80
47	52
48	147
49	116
50	140

Arreglo
0	43	16	13	27	37	19	26	32	16	43	31	40	26	28	33	24	30	26	18	40	30	17	31	40	44	13	13	37	35	32	19	43	18	21	32	25	30	14	30	14	39	18	36	15	39	10	36	40	38	17
14	0	42	12	27	44	11	35	31	39	45	12	37	16	27	18	31	18	13	14	28	33	37	12	15	36	13	34	37	22	16	30	24	28	39	42	30	38	16	32	37	25	30	44	42	11	10	33	21	21	17
45	17	0	40	27	42	38	35	26	45	24	24	42	13	32	12	14	36	20	24	11	41	43	12	31	26	36	15	28	25	25	42	17	41	10	31	32	29	40	27	22	25	33	21	23	34	11	11	26	15	27
37	28	44	0	12	44	34	18	31	42	10	45	28	37	30	35	42	45	31	40	40	45	20	24	23	32	27	31	10	29	32	10	15	45	14	26	30	18	12	22	45	12	29	26	38	33	18	33	39	17	25
22	43	38	24	0	40	43	45	14	18	14	24	34	30	21	21	16	35	21	34	32	43	26	19	43	38	12	36	11	35	38	22	38	41	13	21	19	29	33	30	36	19	15	33	33	14	15	11	29	21	13
14	35	39	25	43	0	18	17	27	19	19	20	37	27	35	26	28	16	45	19	45	20	34	12	15	17	23	40	30	36	30	20	33	30	28	10	26	37	16	24	43	14	31	15	26	12	41	29	27	16	38
16	14	11	26	23	44	0	31	10	30	43	24	20	25	38	30	45	24	15	39	25	17	19	31	32	10	14	22	38	35	15	10	19	29	21	26	20	41	21	28	43	16	15	18	28	28	25	13	40	39	16
25	32	36	14	42	27	38	0	28	12	36	25	19	15	30	11	35	18	18	31	28	30	42	34	28	13	42	10	44	31	14	37	22	23	26	18	15	43	12	32	41	20	12	11	20	27	18	29	37	10	42
45	17	11	27	30	23	29	25	0	27	42	39	33	13	27	30	20	16	17	19	27	36	36	43	24	30	13	43	36	35	24	38	13	33	41	24	18	33	38	42	30	11	25	27	23	29	21	11	30	21	44
13	29	34	17	41	26	12	11	33	0	38	30	39	44	18	29	20	26	23	42	30	12	41	22	38	19	40	10	10	16	33	23	35	38	20	39	11	36	35	33	43	33	30	22	25	14	30	28	41	36	20
45	12	17	16	14	45	25	34	41	18	0	40	36	20	17	31	30	26	25	42	39	12	13	41	28	30	28	10	12	34	38	16	17	29	32	17	32	27	37	21	25	18	34	13	43	22	39	36	18	36	38
13	21	21	42	11	32	17	34	25	41	31	0	42	28	16	31	35	37	27	38	16	40	11	21	22	39	41	41	21	37	21	12	15	26	24	23	10	28	13	37	15	13	22	38	28	37	30	34	13	28	15
36	41	28	35	29	15	38	10	35	25	45	43	0	37	44	13	42	40	39	38	26	14	20	26	34	16	31	24	38	15	10	26	19	44	23	36	17	31	23	45	44	15	17	38	10	39	45	41	23	30	26
44	21	31	32	39	30	40	33	31	44	37	44	18	0	15	23	29	23	24	18	43	41	21	18	24	35	22	33	26	14	11	24	35	28	26	23	10	40	43	27	30	18	23	23	17	43	14	45	31	21	26
22	21	41	40	36	12	40	34	25	33	24	42	28	43	0	15	37	22	14	42	36	17	12	29	26	23	23	23	30	24	41	13	42	40	26	20	21	15	27	29	33	32	33	28	20	33	37	16	41	18	36
19	41	20	21	30	37	20	42	27	20	11	39	15	43	38	0	26	13	37	10	10	28	45	30	26	34	40	31	17	18	21	16	25	25	36	13	32	25	45	25	24	23	36	37	19	34	17	39	16	33	32
19	42	41	39	14	21	19	40	40	21	41	12	38	11	25	19	0	33	11	17	24	27	22	33	31	18	23	10	30	25	33	21	41	17	21	35	45	20	40	12	42	33	20	16	19	34	33	25	29	40	27
43	12	10	34	40	30	34	29	31	25	42	39	36	35	42	15	20	0	26	26	38	24	31	39	23	20	13	25	21	41	11	10	37	24	41	44	40	12	15	39	44	44	44	44	16	18	25	22	33	44	36
21	15	32	13	12	24	31	35	23	26	25	40	17	12	23	26	16	12	0	40	38	30	15	24	13	27	24	42	43	32	10	19	21	30	23	14	29	24	43	11	32	23	30	31	37	36	33	43	23	39	22
35	37	20	11	40	39	43	35	29	20	42	27	37	28	12	22	13	37	10	0	38	39	14	45	34	35	39	31	17	16	29	16	37	30	40	25	41	39	25	36	15	44	38	23	27	30	20	21	30	23	35
26	29	38	43	12	32	24	43	28	13	40	35	23	42	20	43	31	36	44	29	0	11	43	43	10	41	25	33	35	22	19	10	38	38	14	22	25	45	16	23	41	28	21	38	39	24	34	39	29	28	19
31	41	44	45	31	32	17	12	21	22	43	20	15	39	44	39	33	30	28	12	1	0	23	39	30	24	15	16	31	12	15	12	11	24	22	32	24	31	29	14	31	34	36	19	34	44	43	26	22	32	27
44	31	23	30	29	24	13	22	20	20	17	31	27	16	27	41	13	31	11	45	2	18	0	18	23	26	42	45	26	38	44	28	42	10	19	36	32	20	44	21	27	23	34	42	42	29	20	23	38	13	24
19	31	25	40	16	20	12	18	20	38	10	14	10	32	12	20	34	24	42	28	3	42	26	0	30	16	24	11	14	43	31	43	31	40	20	26	11	27	29	32	25	24	24	14	23	17	11	39	38	13	21
34	25	25	20	12	11	42	37	10	36	10	14	21	16	13	24	10	33	26	36	4	21	32	40	0	14	29	41	19	21	38	22	12	40	38	11	22	28	43	35	25	19	22	35	31	10	45	24	20	44	14
16	11	28	45	39	40	12	13	21	15	42	26	33	42	26	13	34	20	18	10	5	39	14	14	18	0	15	41	10	43	15	18	25	29	20	32	11	34	30	39	31	34	17	18	44	41	37	19	43	24	40
19	23	41	17	37	29	19	40	27	16	13	13	16	43	26	34	28	34	12	29	6	35	12	37	39	33	0	34	17	19	30	45	27	37	20	18	29	20	26	30	10	30	23	33	21	40	26	39	34	38	18
40	11	35	11	40	13	32	10	40	16	40	45	44	25	45	16	18	32	37	17	7	17	21	14	26	44	23	0	19	30	15	27	10	41	35	15	40	25	22	17	30	35	40	29	25	37	31	34	14	22	27
38	30	40	20	40	28	27	22	32	34	16	18	23	15	23	28	44	34	41	14	8	34	26	26	44	43	36	34	0	26	12	31	36	25	41	26	31	16	44	28	33	16	38	17	13	21	41	29	45	33	10
27	17	43	39	31	33	12	39	26	33	31	26	13	45	28	40	37	16	36	16	9	20	18	44	12	25	18	43	27	0	39	19	31	26	13	31	28	35	39	38	24	17	43	22	16	21	29	20	38	23	33
22	11	18	37	28	21	15	28	20	10	30	28	37	39	10	32	42	26	17	45	10	34	16	29	37	13	10	16	44	36	0	35	19	38	13	15	34	17	42	11	24	31	36	34	33	21	35	16	22	12	20
31	30	14	34	28	37	38	23	10	34	24	11	33	17	23	43	29	37	35	33	11	13	10	13	21	10	16	21	21	35	39	0	18	30	28	11	41	12	35	33	45	25	34	38	10	43	30	39	17	15	35
43	14	17	34	39	41	10	40	31	23	10	29	45	27	24	30	38	14	17	13	12	14	33	30	42	30	45	19	11	22	29	26	0	34	31	28	39	30	40	26	35	21	30	10	41	42	12	36	42	20	26
30	22	28	14	19	30	37	36	38	17	20	14	40	16	38	11	45	23	36	19	13	33	13	10	29	11	18	19	20	17	41	37	36	0	41	37	26	32	12	19	16	18	42	17	12	15	37	29	44	37	22
32	45	43	41	42	24	28	26	13	35	42	45	29	36	25	42	36	41	34	19	14	35	14	28	14	14	14	11	18	35	42	42	39	35	0	11	21	35	39	11	19	39	14	41	30	32	15	17	25	30	21
44	33	10	26	22	15	20	12	21	29	11	31	36	30	43	24	33	34	31	10	15	40	10	12	24	29	43	34	32	38	35	20	20	31	20	0	26	16	36	26	12	10	25	29	45	11	41	40	27	33	45
17	32	28	18	39	19	10	42	33	27	32	40	29	31	34	23	20	18	45	40	16	35	22	38	23	15	23	45	20	44	36	10	29	29	38	40	0	31	23	21	26	22	13	25	26	43	21	10	35	22	12
17	34	21	43	32	10	30	10	40	35	18	17	29	22	29	44	43	27	11	28	17	27	11	22	13	42	30	22	31	40	10	19	11	32	19	36	42	0	24	35	39	33	14	27	25	43	14	21	23	20	17
14	29	33	12	14	43	34	11	44	18	20	18	40	14	30	20	42	16	30	37	18	28	10	18	27	30	32	28	11	20	30	15	13	38	41	27	26	14	0	32	35	29	30	24	38	24	29	22	29	35	34
28	14	31	33	14	19	18	20	12	15	33	31	33	30	16	45	31	19	22	11	19	36	38	37	34	24	16	27	41	45	43	27	12	40	22	41	21	35	12	0	30	27	23	20	14	11	32	40	42	11	21
38	32	33	44	45	31	30	39	31	10	37	34	19	17	16	34	26	36	17	25	20	23	26	36	26	11	42	44	42	44	29	14	11	21	35	24	19	40	27	19	0	34	40	17	10	29	39	29	40	29	11
38	15	26	25	19	19	10	12	22	41	36	23	13	40	28	33	39	38	28	28	21	31	23	34	26	18	35	23	36	23	17	30	24	25	42	44	31	38	44	32	41	0	30	41	40	35	40	39	38	22	20
40	16	38	41	22	27	36	21	32	23	35	10	13	27	10	41	33	23	18	25	22	10	23	17	20	14	36	34	15	26	15	43	33	24	16	32	24	20	10	22	37	45	0	20	41	15	44	37	41	32	11
12	21	40	26	16	18	44	42	11	25	40	42	41	32	33	43	18	12	35	37	23	11	16	20	29	26	37	40	19	19	13	23	36	34	23	35	28	45	32	10	32	42	45	0	34	19	19	16	20	22	23
28	42	12	23	19	23	31	24	26	23	22	12	33	24	23	30	14	27	38	14	24	23	43	19	41	21	17	11	17	12	10	29	15	20	18	36	44	13	18	17	26	18	25	21	0	15	28	44	22	15	29
10	12	20	37	32	10	19	30	22	33	25	10	25	38	18	42	35	39	41	28	25	15	36	16	15	38	37	29	12	16	41	14	24	39	21	24	43	34	40	27	37	45	40	19	13	0	10	12	45	30	19
26	10	25	41	10	41	28	25	14	21	16	10	36	40	38	45	16	12	43	39	26	30	15	38	35	19	45	15	34	33	33	28	10	14	13	26	29	10	29	41	33	21	25	28	22	45	0	35	36	15	41
35	36	11	40	39	41	28	39	12	29	12	10	15	24	37	16	11	32	42	28	27	40	33	43	44	32	44	11	18	35	27	41	31	25	17	13	15	32	23	38	43	15	20	29	13	10	43	0	45	14	37
40	15	34	28	35	31	26	18	42	17	32	44	44	12	34	44	29	29	41	41	28	18	32	38	43	11	13	26	19	19	34	12	22	41	18	44	21	27	42	28	21	27	35	25	36	11	28	19	0	30	32
30	17	44	43	43	28	13	29	39	45	23	38	37	17	27	43	36	16	15	41	29	16	36	41	24	40	31	27	31	18	32	32	25	34	13	19	42	12	30	42	26	28	15	21	26	40	30	35	19	0	20
21	14	11	25	20	14	16	33	11	17	21	30	34	28	38	40	14	12	45	30	30	10	38	11	36	40	40	23	26	36	15	14	27	11	33	33	30	24	11	29	18	33	43	37	13	32	19	31	15	19	0
